-2147483648
2
3
4
5
6
7
8
9
10
11
12
13
14
15
16
17
18
19
20
21
22
23
24
25
26
27
28
29
30
31
32
33
34
35
36
37
38
39
40
41
42
43
44
45
46
47
48
49
50
51
52
53
54
55
56
57
58
59
60
61
62
63
64
65
66
67
68
69
70
71
72
73
74
75
76
77
78
79
80
81
82
83
84
85
86
87
88
89
90
91
92
93
94
95
96
97
98
99
100
152
247
322
328
239
368
299
359
195
249
276
196
414
389
295
285
329
341
153
320
146
323
142
128
378
244
143
401
168
284
408
302
233
167
278
158
242
317
377
166
269
104
208
147
412
384
125
410
160
380
119
224
388
309
365
264
327
200
118
363
357
382
407
227
268
369
197
281
291
283
423
123
220
243
138
314
190
373
232
419
404
177
155
260
308
293
130
219
222
159
397
117
103
216
149
114
101
271
175
112
282
255
303
163
154
273
372
213
156
422
398
353
124
202
267
145
375
258
387
367
122
297
313
344
248
184
245
420
201
402
107
385
262
391
294
231
418
198
364
356
296
361
265
204
346
170
148
226
415
340
209
238
360
286
133
109
325
193
111
207
335
217
343
290
192
396
151
275
349
127
370
132
307
324
315
234
347
179
203
236
129
383
144
205
354
352
169
136
113
126
272
280
406
180
116
105
413
306
321
259
218
376
330
240
246
381
333
417
252
358
334
266
137
400
228
379
416
348
176
141
229
235
289
298
171
241
392
214
183
274
161
135
310
301
424
395
319
173
134
115
212
277
194
223
263
181
318
394
121
261
287
256
108
305
206
172
110
336
199
251
371
279
164
131
411
304
337
362
174
178
339
288
188
150
189
316
237
191
312
140
425
403
106
399
374
345
326
350
355
253
338
254
331
300
390
393
221
186
157
332
311
257
225
185
421
187
270
165
120
342
405
351
366
102
292
211
409
386
162
182
139
215
230
250
210
426
427
428
429
430
431
432
433
434
435
436
437
438
439
440
441
442
443
444
445
446
447
448
449
450
451
452
453
454
455
456
457
458
459
460
461
462
463
464
465
466
467
468
469
470
471
472
473
474
475
476
477
478
479
480
481
482
483
484
485
486
487
488
489
490
491
492
493
494
495
496
497
498
499
2147483647
