-2147483648
2
3
4
5
6
7
8
9
10
11
12
13
14
15
16
17
18
19
20
21
22
23
24
25
26
27
28
29
30
31
32
33
34
35
36
37
38
39
40
41
42
43
44
45
46
47
48
49
50
270
121
155
312
247
86
328
198
52
190
236
59
288
308
200
295
219
337
297
326
210
220
111
93
281
104
107
335
110
146
252
69
180
226
74
269
196
311
134
128
231
338
330
299
266
251
294
139
177
250
255
175
283
132
303
265
138
151
193
160
87
197
88
298
260
158
65
253
320
112
64
314
349
66
81
232
78
80
176
76
90
257
292
89
108
125
261
113
61
136
116
167
206
84
133
267
149
204
63
118
105
315
271
234
135
284
131
258
207
142
130
85
304
73
223
341
57
189
178
161
256
347
109
152
344
346
245
58
321
100
71
179
273
216
129
244
79
141
117
324
279
254
275
62
348
286
331
194
163
416
458
477
2147483647
440
439
485
468
473
480
