480
411
478
438
482
462
459
446
418
447
473
468
485
439
440
500
477
458
435
407
422
491
469
437
484
426
416
410
414
404
481
428
456
405
401
470
427
433
498
413
432
420
448
454
430
406
451
486
408
449
423
415
499
488
457
461
463
492
483
453
425
403
475
409
465
490
464
474
441
402
412
424
419
467
434
444
489
421
466
417
436
445
431
487
495
476
496
497
455
450
493
472
460
442
471
429
494
452
479
443
400
399
398
397
396
395
394
393
392
391
390
389
388
387
386
385
384
383
382
381
380
379
378
377
376
375
374
373
372
371
370
369
368
367
366
365
364
363
362
361
360
359
358
357
356
355
354
353
352
351
67
208
318
287
181
169
91
340
163
194
331
286
348
62
275
254
279
324
117
141
79
244
129
216
273
179
71
100
321
58
245
346
344
152
159
172
241
300
345
98
285
246
182
195
221
82
102
126
124
215
309
127
94
310
202
293
242
150
307
164
143
103
225
291
277
350
106
83
222
205
191
316
217
145
227
70
218
243
329
185
238
119
322
332
166
336
188
137
305
274
333
114
249
334
264
186
272
55
53
115
289
187
296
239
162
101
183
325
147
313
229
233
301
168
339
96
209
140
214
184
237
54
92
109
347
256
161
178
189
57
341
223
73
304
85
130
142
207
258
131
284
135
234
271
315
105
118
63
204
149
267
133
84
206
167
116
136
61
113
261
125
108
89
292
257
90
76
176
80
78
232
81
66
349
314
212
278
228
263
201
192
319
77
199
211
72
99
323
153
157
120
171
262
68
148
122
174
203
317
97
165
342
306
235
64
112
320
253
65
158
260
298
88
197
87
160
193
151
138
265
303
132
283
175
255
250
177
139
294
251
266
299
330
338
231
128
134
311
196
269
224
156
154
280
268
259
302
75
343
173
327
170
95
56
213
282
60
240
290
230
51
144
123
276
248
74
226
180
69
252
146
110
335
107
104
281
93
111
220
210
326
297
337
219
295
200
308
288
59
236
190
52
198
328
86
247
312
155
121
270
50
49
48
47
46
45
44
43
42
41
40
39
38
37
36
35
34
33
32
31
30
29
28
27
26
25
24
23
22
21
20
19
18
17
16
15
14
13
12
11
10
9
8
7
6
5
4
3
2
1
