602
562
470
625
987
152
699
473
880
52
780
161
697
402
474
44
10
148
75
287
187
89
956
409
96
587
505
881
354
554
691
400
233
792
771
210
303
547
293
844
588
326
21
236
121
445
82
829
136
457
275
388
826
989
937
423
690
781
251
141
703
3
865
460
196
422
372
967
963
434
116
584
279
816
489
774
512
787
25
968
727
835
653
37
701
905
488
647
126
466
135
629
972
895
137
150
346
517
614
529
341
958
451
539
253
977
694
576
261
695
329
846
940
618
783
395
556
442
599
782
969
861
567
69
828
693
919
288
193
735
831
425
893
271
909
568
343
476
577
33
848
716
134
228
114
24
188
565
684
762
393
50
748
157
477
16
79
995
259
424
941
61
597
208
504
872
230
344
843
525
284
17
986
57
332
443
458
621
430
801
518
8
369
833
617
929
190
858
364
407
34
217
624
102
668
53
906
392
897
396
257
985
916
868
391
499
785
370
936
218
839
94
47
286
448
87
30
796
730
514
143
138
366
456
123
155
559
310
101
959
812
763
219
0
661
832
908
62
15
352
673
757
683
810
616
20
852
115
751
935
681
860
742
604
938
232
925
295
834
181
648
260
119
41
687
889
331
822
688
506
704
205
598
421
634
756
9
855
685
117
819
913
866
950
636
655
247
215
2
764
686
59
754
546
18
717
447
209
805
282
752
994
432
823
528
426
606
248
531
800
338
524
324
167
469
386
51
890
222
440
996
740
95
258
641
804
511
64
789
453
394
347
365
902
414
788
863
131
939
820
578
519
226
639
654
151
534
542
915
885
595
555
637
491
912
873
622
998
128
821
83
32
960
80
345
947
340
955
336
793
221
859
72
619
81
988
926
527
548
515
383
43
645
56
333
734
521
544
903
191
461
573
267
86
582
309
845
263
564
410
997
975
842
954
348
375
901
122
724
640
269
266
120
183
328
493
384
980
560
78
856
285
36
676
353
214
917
419
495
974
770
552
777
965
776
403
708
363
650
234
71
335
162
433
144
201
797
1000
729
342
952
671
878
543
454
175
179
349
613
278
509
334
280
827
726
74
213
601
6
468
212
413
574
630
628
246
818
316
197
84
990
738
417
67
638
623
891
211
610
557
769
265
28
186
627
274
356
923
441
91
