1
2
3
4
5
6
7
8
9
10
11
12
13
14
15
16
17
18
19
20
21
22
23
24
25
26
27
28
29
30
31
32
33
34
35
36
37
38
39
40
41
42
43
44
45
46
47
48
49
50
270
121
155
312
247
86
328
198
52
190
236
59
288
308
200
295
219
337
297
326
210
220
111
93
281
104
107
335
110
146
252
69
180
226
74
248
276
123
144
51
230
290
240
60
282
213
56
95
170
327
173
343
75
302
259
268
280
154
156
224
269
196
311
134
128
231
338
330
299
266
251
294
139
177
250
255
175
283
132
303
265
138
151
193
160
87
197
88
298
260
158
65
253
320
112
64
235
306
342
165
97
317
203
174
122
148
68
262
171
120
157
153
323
99
72
211
199
77
319
192
201
263
228
278
212
314
349
66
81
232
78
80
176
76
90
257
292
89
108
125
261
113
61
136
116
167
206
84
133
267
149
204
63
118
105
315
271
234
135
284
131
258
207
142
130
85
304
73
223
341
57
189
178
161
256
347
109
92
54
237
184
214
140
209
96
339
168
301
233
229
313
147
325
183
101
162
239
296
187
289
115
53
55
272
186
264
334
249
114
333
274
305
137
188
336
166
332
322
119
238
185
329
243
218
70
227
145
217
316
191
205
222
83
106
350
277
291
225
103
143
164
307
150
242
293
202
310
94
127
309
215
124
126
102
82
221
195
182
246
285
98
345
300
241
172
159
152
344
346
245
58
321
100
71
179
273
216
129
244
79
141
117
324
279
254
275
62
348
286
331
194
163
340
91
169
181
287
318
208
67
351
352
353
354
355
356
357
358
359
360
361
362
363
364
365
366
367
368
369
370
371
372
373
374
375
376
377
378
379
380
381
382
383
384
385
386
387
388
389
390
391
392
393
394
395
396
397
398
399
400
443
479
452
494
429
471
442
460
472
493
450
455
497
496
476
495
487
431
445
436
417
466
421
489
444
434
467
419
424
412
402
441
474
464
490
465
409
475
403
425
453
483
492
463
461
457
488
499
415
423
449
408
486
451
406
430
454
448
420
432
413
498
433
427
470
401
405
456
428
481
404
414
410
416
426
484
437
469
491
422
407
435
458
477
500
440
439
485
468
473
447
418
446
459
462
482
438
478
411
480
