288
856
63
484
383
493
996
77
213
947
986
137
469
259
424
898
867
816
530
225
672
361
909
767
83
568
765
628
410
962
605
98
173
885
367
164
298
811
936
129
852
582
699
831
239
976
155
630
955
693
441
221
511
8
17
391
487
289
734
771
272
846
611
623
121
245
3
829
733
24
581
889
122
297
833
834
528
517
785
706
818
911
277
680
371
136
713
813
725
108
248
632
64
501
352
161
384
531
326
418
625
920
874
423
958
578
203
278
416
819
340
629
14
544
652
880
510
964
2147483647
355
78
193
54
523
132
561
489
319
313
466
284
902
283
381
682
411
398
363
169
318
413
337
89
473
570
987
142
464
267
420
152
215
364
50
589
927
654
174
742
182
992
92
870
69
405
463
620
910
759
901
119
408
428
772
761
307
667
124
516
166
265
156
196
304
959
438
799
296
981
344
659
853
107
698
13
118
951
801
633
443
957
842
232
310
192
150
444
262
577
714
214
953
254
710
675
836
571
204
353
670
207
449
821
596
414
200
919
723
234
949
982
860
149
915
290
950
926
798
621
606
778
830
603
336
402
75
554
595
101
627
90
379
905
60
126
665
624
586
931
935
261
86
258
566
529
576
650
249
56
401
696
71
93
96
985
323
789
480
88
828
223
53
209
178
878
535
884
48
255
963
832
865
873
868
604
743
468
631
835
721
453
103
838
7
151
74
717
317
948
100
669
545
-2147483648
110
91
897
569
40
839
815
66
648
795
347
599
796
559
38
651
153
146
474
837
104
185
565
913
814
780
406
526
671
869
348
58
594
792
738
673
120
715
646
495
34
934
745
995
640
668
446
394
871
230
342
144
106
703
320
552
268
250
404
335
338
422
303
805
518
793
881
903
397
299
803
906
597
775
251
892
113
273
165
127
896
253
233
67
807
893
560
170
490
246
777
227
237
372
904
990
615
952
679
459
87
513
791
741
968
471
583
172
358
636
360
686
188
614
271
662
346
730
139
647
864
494
84
481
980
369
159
817
354
62
744
171
179
875
26
456
940
543
322
22
61
135
618
779
433
602
514
95
111
757
460
274
18
928
708
19
286
622
266
841
97
76
30
269
657
925
656
969
579
311
562
701
851
27
797
593
41
195
766
434
134
454
330
231
226
356
117
